        positionid        attack       defense         money
count  10000.00000  10000.000000  10000.000000  10000.000000
mean    4999.50000     12.600000      7.000000     14.700000
std     2886.89568      4.903305     16.383737      4.075741
min        0.00000     10.000000    -32.000000     10.000000
25%     2499.75000     10.000000     10.000000     12.000000
50%     4999.50000     10.000000     10.000000     14.000000
75%     7499.25000     13.250000     10.000000     16.000000
max     9999.00000     34.000000     34.000000     29.000000

